 
  Triangles
 
  Row        1       2       3
  Col
 
    1:       3       1       2
    2:       5       3       4
    3:       7       5       6
    4:       9       7       8
    5:      10       7       9
    6:       3      10       1
    7:       5      10       3
    8:       7      10       5
   48.000000000000000     
   10.000000000000000              208
   10.000000000000000              208
   10.000000000000000              208
   10.000000000000000              208
   2.0000000000000000               41
   2.0000000000000000               41
   2.0000000000000000               41
   2.0000000000000000               41
